# transform file transforms/talairach.lta
# created by rheticus on Thu Dec  7 20:45:56 2017

type      = 0 # LINEAR_VOX_TO_VOX
nxforms   = 1
mean      = 129.0000 138.0000 121.0000
sigma     = 10000.0000
1 4 4
1.100043058395386e+00 -1.625560969114304e-02 2.902467735111713e-02 -1.592646026611328e+01 
8.679417893290520e-03 1.108626604080200e+00 2.710430920124054e-01 -5.545397949218750e+01 
-3.547338023781776e-02 -2.243644893169403e-01 9.380959272384644e-01 3.479906082153320e+01 
0.000000000000000e+00 0.000000000000000e+00 0.000000000000000e+00 1.000000000000000e+00 
src volume info
valid = 1  # volume info valid
filename = nu.mgz
volume = 256 256 256
voxelsize = 1.000000000000000e+00 1.000000000000000e+00 1.000000000000000e+00
xras   = -1.000000000000000e+00 0.000000000000000e+00 0.000000000000000e+00
yras   = 0.000000000000000e+00 0.000000000000000e+00 -1.000000000000000e+00
zras   = 0.000000000000000e+00 1.000000000000000e+00 0.000000000000000e+00
cras   = 5.360748291015625e+00 4.432485961914062e+01 -6.164382934570312e+00
dst volume info
valid = 1  # volume info valid
filename = /home/rheticus/freesurfer_repo_root/freesurfer_install/average/RB_all_2016-05-10.vc700.gca
volume = 256 256 256
voxelsize = 1.000000000000000e+00 1.000000000000000e+00 1.000000000000000e+00
xras   = -1.000000000000000e+00 0.000000000000000e+00 0.000000000000000e+00
yras   = 0.000000000000000e+00 0.000000000000000e+00 -1.000000000000000e+00
zras   = 0.000000000000000e+00 1.000000000000000e+00 0.000000000000000e+00
cras   = 0.000000000000000e+00 0.000000000000000e+00 0.000000000000000e+00
