Tasks,Pr(Comp 1 | Task),Pr(Comp 2 | Task),Pr(Comp 3 | Task),Pr(Comp 4 | Task),Pr(Comp 5 | Task),Pr(Comp 6 | Task),Pr(Comp 7 | Task),Pr(Comp 8 | Task),Pr(Comp 9 | Task),Pr(Comp 10 | Task),Pr(Comp 11 | Task),Pr(Comp 12 | Task)
Action Observation,0.00049,0.00006,0.10585,0.58233,0.02152,0.23076,0.00002,0.00004,0.00324,0.00016,0.05551,0.00002
Acupuncture,0.01371,0.04537,0.03128,0.00311,0.00003,0.00056,0.31952,0.03166,0.00003,0.27677,0.15306,0.12490
Anti-Saccades,0.00002,0.00002,0.00001,0.00048,0.00001,0.71598,0.00038,0.25792,0.01377,0.00002,0.00002,0.01137
Braille Reading,0.11030,0.00620,0.00002,0.65719,0.06902,0.10158,0.00002,0.00002,0.05560,0.00002,0.00001,0.00001
Breath-Holding,0.00010,0.22123,0.06577,0.08652,0.00626,0.00006,0.40252,0.16611,0.00010,0.00005,0.05118,0.00011
Chewing/Swallowing,0.07284,0.60563,0.00111,0.00051,0.00002,0.00002,0.02423,0.00003,0.19071,0.10485,0.00003,0.00002
Classical Conditioning,0.04241,0.08519,0.07022,0.05651,0.00007,0.00382,0.13086,0.05156,0.00029,0.00766,0.31772,0.23368
Counting/Calculation,0.02082,0.02401,0.01748,0.13334,0.13565,0.14355,0.03939,0.03124,0.45039,0.00088,0.00247,0.00076
Cued Explicit Recognition,0.04919,0.00075,0.02056,0.04395,0.08856,0.02631,0.01423,0.05851,0.26781,0.23267,0.16688,0.03059
Deception Task,0.01641,0.01241,0.02883,0.00002,0.08932,0.06841,0.00002,0.45124,0.02172,0.27247,0.03123,0.00792
Deductive Reasoning,0.01085,0.01032,0.00902,0.14597,0.05104,0.11657,0.00366,0.09913,0.24165,0.14278,0.08404,0.08497
Delay Discounting Task,0.00002,0.00003,0.00294,0.02399,0.04310,0.00070,0.00082,0.05467,0.24609,0.42410,0.02717,0.17637
Delayed Match To Sample,0.04463,0.00926,0.00005,0.27601,0.15094,0.11463,0.05527,0.08456,0.21229,0.00109,0.01151,0.03976
Divided Auditory Attention,0.01437,0.17897,0.17928,0.25239,0.00015,0.00063,0.08944,0.00012,0.16438,0.01535,0.10479,0.00011
Drawing,0.47895,0.00002,0.07446,0.00038,0.00002,0.42462,0.00001,0.00002,0.00001,0.02142,0.00002,0.00007
Eating/Drinking,0.00006,0.06329,0.00522,0.00518,0.03446,0.00001,0.19818,0.11597,0.00003,0.00071,0.22936,0.34754
Encoding,0.02910,0.01029,0.01067,0.15449,0.14093,0.07788,0.01645,0.09398,0.10255,0.08385,0.26483,0.01498
Episodic Recall,0.00001,0.07716,0.00017,0.00081,0.01212,0.00993,0.08823,0.10034,0.03671,0.27424,0.28902,0.11127
Face Monitor/Discrimination,0.00049,0.03388,0.05929,0.11392,0.01669,0.00000,0.02720,0.00082,0.00001,0.03420,0.67265,0.04086
Film Viewing,0.01396,0.01981,0.10981,0.17931,0.00975,0.05895,0.07012,0.06797,0.02205,0.07227,0.25336,0.12265
Finger Tapping,0.80485,0.06041,0.00780,0.02427,0.00123,0.03176,0.03241,0.03038,0.00644,0.00000,0.00000,0.00043
Fixation,0.00004,0.05729,0.00864,0.11784,0.00004,0.26057,0.06462,0.04560,0.12414,0.31749,0.00003,0.00369
Flanker Task,0.16709,0.00780,0.00003,0.08320,0.00107,0.04311,0.00004,0.49269,0.18629,0.00016,0.00198,0.01656
Flashing Checkerboard,0.06532,0.48518,0.00005,0.44837,0.00014,0.00034,0.00006,0.00004,0.00005,0.00035,0.00004,0.00005
Flexion/Extension,0.52368,0.40091,0.00001,0.00007,0.00001,0.03531,0.03738,0.00209,0.00001,0.00025,0.00001,0.00028
Free Word List Recall,0.00308,0.00096,0.13777,0.03260,0.03523,0.00627,0.06476,0.11871,0.30361,0.21295,0.02794,0.05613
Go/No-Go,0.09764,0.01292,0.05759,0.08990,0.01402,0.06488,0.01531,0.39270,0.13033,0.02833,0.04705,0.04933
Grasping,0.71031,0.00779,0.00027,0.00015,0.00002,0.12463,0.04358,0.00066,0.10568,0.00688,0.00002,0.00002
Imagined Movement,0.36347,0.10035,0.00020,0.02866,0.15739,0.25425,0.00010,0.09520,0.00010,0.00001,0.00001,0.00026
Imagined Objects/Scenes,0.00252,0.00086,0.02963,0.00423,0.15748,0.16873,0.05491,0.05920,0.07477,0.21122,0.17329,0.06316
Isometric Force,0.51271,0.00517,0.00001,0.08510,0.00002,0.00003,0.33408,0.00002,0.02605,0.03592,0.00037,0.00051
Mental Rotation,0.04089,0.00009,0.02189,0.32194,0.02104,0.38630,0.01876,0.00016,0.18563,0.00125,0.00160,0.00044
Micturition Task,0.00620,0.00005,0.00681,0.00002,0.00080,0.00003,0.68187,0.26140,0.00004,0.00049,0.00005,0.04223
Music Comprehension/Production,0.00034,0.25839,0.32680,0.00001,0.06457,0.01383,0.11557,0.07238,0.00002,0.00501,0.07112,0.07195
Naming (Covert),0.00024,0.00730,0.01858,0.38947,0.54645,0.00368,0.00246,0.00036,0.00017,0.00019,0.01787,0.01324
Naming (Overt),0.00032,0.10894,0.04776,0.32339,0.13821,0.00396,0.06106,0.00115,0.00002,0.27942,0.03572,0.00004
Non-Painful Electrical Stimulation,0.36883,0.00008,0.00014,0.00003,0.00003,0.00005,0.63001,0.00004,0.00071,0.00004,0.00004,0.00003
Non-Painful Thermal Stimulation,0.16151,0.00009,0.02214,0.00933,0.00006,0.00568,0.13973,0.08790,0.25743,0.02743,0.00004,0.28867
Oddball Discrimination,0.12708,0.00002,0.38820,0.07809,0.00003,0.12876,0.03363,0.14551,0.03697,0.03028,0.02243,0.00899
Olfactory Monitor/Discrimination,0.00002,0.04451,0.00107,0.00352,0.00002,0.00179,0.09310,0.03692,0.00594,0.01060,0.41086,0.39165
Orthographic Discrimination,0.11493,0.00348,0.07175,0.20938,0.20487,0.02925,0.01060,0.04874,0.23084,0.00382,0.00142,0.07092
Pain Monitor/Discrimination,0.09321,0.01300,0.00808,0.00001,0.00423,0.00504,0.56247,0.26113,0.02005,0.00012,0.00097,0.03168
Paired Associate Recall,0.00129,0.03112,0.07569,0.00140,0.17648,0.08015,0.00197,0.05709,0.16753,0.04356,0.20674,0.15699
Passive Listening,0.03243,0.04140,0.61760,0.00083,0.00005,0.01090,0.01584,0.00324,0.01201,0.21022,0.04837,0.00712
Passive Viewing,0.01362,0.02385,0.01612,0.23538,0.01502,0.02152,0.07206,0.05038,0.02956,0.06858,0.37433,0.07958
Phonological Discrimination,0.01340,0.04677,0.30055,0.06602,0.36201,0.00023,0.00286,0.05461,0.13722,0.00120,0.00288,0.01226
Pitch Monitor/Discrimination,0.00001,0.00117,0.65503,0.06482,0.01201,0.00001,0.03721,0.00008,0.03064,0.06568,0.01563,0.11770
Pointing,0.38625,0.00005,0.00002,0.00108,0.00177,0.43760,0.00938,0.02343,0.11211,0.02826,0.00002,0.00003
Posner Task,0.13747,0.00075,0.04735,0.16891,0.00882,0.11143,0.00007,0.43693,0.00007,0.06020,0.00015,0.02784
Reading (Covert),0.00156,0.06655,0.07408,0.19194,0.47015,0.06490,0.00352,0.00133,0.00757,0.08490,0.01095,0.02256
Reading (Overt),0.00013,0.44438,0.19279,0.12972,0.02142,0.02820,0.00429,0.01192,0.00089,0.11614,0.01053,0.03961
Recitation/Repetition (Covert),0.00062,0.19287,0.26836,0.05589,0.17431,0.00501,0.00005,0.23314,0.06956,0.00013,0.00004,0.00002
Recitation/Repetition (Overt),0.00022,0.84162,0.15492,0.00001,0.00118,0.00001,0.00185,0.00015,0.00001,0.00001,0.00001,0.00001
Rest,0.03830,0.04094,0.00175,0.00077,0.00018,0.00005,0.15698,0.03417,0.11065,0.38979,0.08247,0.14396
Reward Task,0.05058,0.00327,0.01578,0.03792,0.02694,0.04730,0.03998,0.06736,0.06436,0.02843,0.05272,0.56536
Saccades,0.02456,0.06526,0.00003,0.03691,0.00145,0.80403,0.00312,0.02481,0.00186,0.00029,0.00002,0.03768
Semantic Monitor/Discrimination,0.02659,0.00744,0.08108,0.05543,0.50332,0.01044,0.01296,0.00910,0.01861,0.12410,0.09884,0.05209
Sequence Recall/Learning,0.29647,0.02864,0.07411,0.02481,0.04044,0.25302,0.01182,0.01134,0.07797,0.02328,0.08576,0.07234
Simon Task,0.11568,0.00062,0.05613,0.14715,0.01369,0.09704,0.09608,0.26665,0.02076,0.15371,0.03033,0.00216
Sleep,0.08639,0.00071,0.00103,0.00040,0.00050,0.17217,0.00098,0.41833,0.02600,0.00055,0.12516,0.16780
Spatial/Location Discrimination,0.02108,0.00056,0.00762,0.26090,0.01795,0.15155,0.02884,0.08294,0.20569,0.00927,0.16062,0.05298
Sternberg Task,0.04046,0.08093,0.00709,0.00677,0.24857,0.03750,0.00146,0.10969,0.36534,0.00023,0.04693,0.05503
Stroop Task,0.00002,0.01117,0.02318,0.07861,0.12415,0.03318,0.00627,0.30788,0.19404,0.10772,0.05489,0.05890
Subjective Emotional Picture Discrimination,0.00981,0.00125,0.00778,0.06701,0.12501,0.06863,0.00242,0.08055,0.00083,0.05346,0.49262,0.09064
Syntactic Discrimination,0.00003,0.02026,0.32732,0.00003,0.17618,0.00003,0.09939,0.02336,0.12907,0.03938,0.10252,0.08242
Tactile Monitor/Discrimination,0.28448,0.07830,0.04261,0.04685,0.01584,0.05844,0.25821,0.06443,0.10293,0.01550,0.02722,0.00519
Task Switching,0.08051,0.00886,0.00451,0.09145,0.18773,0.12913,0.00743,0.13040,0.32968,0.00114,0.00574,0.02342
Theory of Mind Task,0.00013,0.00003,0.13001,0.00375,0.00016,0.03105,0.00021,0.02268,0.02828,0.55095,0.23240,0.00037
Tone Monitor/Discrimination,0.01177,0.06216,0.30269,0.00535,0.01948,0.15929,0.08965,0.10419,0.19136,0.00190,0.00652,0.04563
Tower of London,0.00005,0.00003,0.00003,0.00001,0.00004,0.18133,0.00013,0.19545,0.35858,0.00011,0.02449,0.23975
Transcranial Magnetic Stimulation,0.38708,0.05571,0.04630,0.00157,0.00004,0.02424,0.18694,0.11058,0.00194,0.04938,0.12601,0.01020
Vibrotactile Monitor/Discrimination,0.89527,0.02995,0.00004,0.00001,0.00007,0.00258,0.00003,0.00005,0.00508,0.00003,0.00003,0.06685
Video Games,0.00016,0.00013,0.00037,0.00071,0.00012,0.00029,0.17508,0.00017,0.13710,0.60244,0.08322,0.00020
Visual Distractor/Visual Attention,0.07971,0.01997,0.01809,0.28044,0.03662,0.28027,0.02585,0.10799,0.07709,0.04811,0.01714,0.00872
Visual Pursuit/Tracking,0.12784,0.00502,0.00002,0.58958,0.00003,0.19617,0.00379,0.02509,0.01514,0.03014,0.00007,0.00712
Whistling,0.14312,0.78401,0.00003,0.01072,0.00005,0.00004,0.02747,0.00003,0.00004,0.01516,0.00479,0.01454
Wisconsin Card Sorting Test,0.01760,0.00002,0.00022,0.17583,0.07093,0.02312,0.03514,0.00072,0.58915,0.03271,0.00286,0.05168
Word Generation (Covert),0.02475,0.01219,0.05689,0.01271,0.53294,0.03118,0.00286,0.14608,0.04772,0.11098,0.01107,0.01063
Word Generation (Overt),0.00469,0.07048,0.12939,0.00001,0.39332,0.00326,0.00371,0.22269,0.00191,0.04403,0.07547,0.05105
Word Stem Completion (Covert),0.00007,0.22262,0.00010,0.00011,0.60562,0.00008,0.00008,0.17083,0.00021,0.00015,0.00008,0.00007
Word Stem Completion (Overt),0.00003,0.08451,0.05159,0.00004,0.42377,0.02210,0.01281,0.08561,0.20673,0.06052,0.00005,0.05224
Writing,0.68548,0.00144,0.03274,0.00735,0.04296,0.22983,0.00004,0.00003,0.00005,0.00003,0.00003,0.00003
n-back,0.03991,0.01951,0.03075,0.06099,0.14381,0.09795,0.01469,0.13352,0.37947,0.01273,0.05285,0.01383
