Tasks,Pr(Comp 1 | Task),Pr(Comp 2 | Task),Pr(Comp 3 | Task),Pr(Comp 4 | Task),Pr(Comp 5 | Task),Pr(Comp 6 | Task),Pr(Comp 7 | Task),Pr(Comp 8 | Task),Pr(Comp 9 | Task),Pr(Comp 10 | Task),Pr(Comp 11 | Task),Pr(Comp 12 | Task),Pr(Comp 13 | Task),Pr(Comp 14 | Task)
Action Observation,0.00002,0.00001,0.06913,0.31086,0.34111,0.00005,0.14473,0.00002,0.00001,0.01287,0.00001,0.07797,0.04317,0.00001
Acupuncture,0.00001,0.00057,0.04893,0.00001,0.06481,0.00004,0.00002,0.24082,0.07929,0.00002,0.12247,0.07955,0.24538,0.11808
Anti-Saccades,0.00002,0.00002,0.00001,0.00003,0.12185,0.00001,0.58298,0.00002,0.22225,0.05458,0.00013,0.00002,0.00001,0.01807
Braille Reading,0.08501,0.00021,0.00001,0.77415,0.00017,0.00004,0.12934,0.00003,0.00002,0.01096,0.00002,0.00001,0.00001,0.00001
Breath-Holding,0.00008,0.19579,0.05526,0.09194,0.00008,0.00044,0.00004,0.12662,0.41379,0.00008,0.00005,0.00005,0.11566,0.00009
Chewing/Swallowing,0.01215,0.38901,0.00535,0.00002,0.04253,0.00003,0.00003,0.27140,0.00001,0.11347,0.16523,0.00074,0.00001,0.00002
Classical Conditioning,0.03134,0.05687,0.06139,0.01846,0.03884,0.00334,0.00486,0.06930,0.09692,0.00054,0.01674,0.00848,0.38260,0.21032
Counting/Calculation,0.01277,0.03292,0.02226,0.16896,0.01407,0.05848,0.12835,0.02296,0.04361,0.48070,0.00459,0.00634,0.00307,0.00090
Cued Explicit Recognition,0.04193,0.00033,0.02631,0.05241,0.02792,0.07306,0.01675,0.00921,0.01293,0.24681,0.26193,0.09156,0.11871,0.02015
Deception Task,0.02718,0.02841,0.01848,0.00001,0.00434,0.09666,0.05322,0.00003,0.25470,0.06008,0.10918,0.33646,0.00012,0.01112
Deductive Reasoning,0.01443,0.01629,0.00207,0.07774,0.12157,0.00767,0.07578,0.00004,0.05354,0.23517,0.10537,0.20290,0.00646,0.08098
Delay Discounting Task,0.00002,0.00009,0.01902,0.02267,0.02729,0.01534,0.00008,0.00005,0.01299,0.21108,0.34149,0.19728,0.00273,0.14987
Delayed Match To Sample,0.03714,0.00146,0.00006,0.26577,0.07857,0.09475,0.08691,0.03210,0.09193,0.23933,0.01859,0.00002,0.02399,0.02938
Divided Auditory Attention,0.02861,0.17050,0.18278,0.26057,0.00031,0.00007,0.00036,0.06506,0.00496,0.08536,0.07217,0.12829,0.00086,0.00013
Drawing,0.08211,0.00002,0.02383,0.00001,0.00001,0.00001,0.89395,0.00002,0.00001,0.00001,0.00001,0.00001,0.00001,0.00001
Eating/Drinking,0.00005,0.07561,0.00092,0.00707,0.00001,0.03224,0.00001,0.03953,0.24034,0.00003,0.00022,0.00847,0.30664,0.28886
Encoding,0.01758,0.00454,0.00463,0.16031,0.02634,0.13642,0.06990,0.01249,0.03694,0.10224,0.20417,0.04880,0.16035,0.01529
Episodic Recall,0.00001,0.08490,0.00024,0.00041,0.01224,0.01176,0.00114,0.00861,0.14635,0.00458,0.32220,0.22447,0.10478,0.07828
Face Monitor/Discrimination,0.00017,0.01688,0.03956,0.13463,0.00049,0.01582,0.00000,0.00292,0.00072,0.00001,0.00821,0.07341,0.68103,0.02614
Film Viewing,0.01149,0.01305,0.07780,0.11039,0.09184,0.00118,0.03305,0.02994,0.07403,0.03338,0.00534,0.21884,0.19056,0.10910
Finger Tapping,0.64965,0.00028,0.00432,0.01170,0.03543,0.00216,0.02191,0.25618,0.01610,0.00214,0.00000,0.00000,0.00000,0.00013
Fixation,0.00003,0.05908,0.03918,0.09956,0.11479,0.00004,0.17606,0.02510,0.02316,0.09605,0.36582,0.00011,0.00003,0.00098
Flanker Task,0.17417,0.01931,0.00003,0.05111,0.01994,0.00004,0.04874,0.00228,0.29662,0.30474,0.00009,0.05661,0.00007,0.02626
Flashing Checkerboard,0.07775,0.24308,0.00005,0.11294,0.56563,0.00010,0.00005,0.00015,0.00004,0.00004,0.00005,0.00004,0.00004,0.00004
Flexion/Extension,0.26058,0.20347,0.00000,0.00001,0.02729,0.00001,0.04652,0.46203,0.00002,0.00001,0.00001,0.00001,0.00001,0.00004
Free Word List Recall,0.00749,0.00124,0.13908,0.00747,0.05746,0.05338,0.00033,0.01062,0.10336,0.24754,0.27179,0.07269,0.00157,0.02598
Go/No-Go,0.09153,0.00936,0.04872,0.07167,0.04427,0.00396,0.04413,0.01976,0.31502,0.16559,0.04078,0.08255,0.01259,0.05008
Grasping,0.50210,0.00002,0.00019,0.00002,0.01795,0.00002,0.13371,0.25407,0.00021,0.09134,0.00021,0.00013,0.00001,0.00001
Imagined Movement,0.32546,0.08587,0.00001,0.05004,0.02050,0.15201,0.25263,0.04856,0.06396,0.00059,0.00001,0.00011,0.00001,0.00025
Imagined Objects/Scenes,0.00005,0.00162,0.02744,0.03404,0.00033,0.14504,0.15615,0.01607,0.04609,0.03847,0.22989,0.16304,0.07228,0.06947
Isometric Force,0.25793,0.00002,0.00001,0.07325,0.00531,0.00002,0.00002,0.55290,0.00039,0.01854,0.07756,0.00002,0.01201,0.00200
Mental Rotation,0.02235,0.00009,0.02199,0.31804,0.07118,0.00002,0.37004,0.00832,0.00080,0.16009,0.02485,0.00109,0.00041,0.00073
Micturition Task,0.00013,0.00003,0.00173,0.00002,0.00003,0.00463,0.00002,0.22971,0.71111,0.00003,0.00195,0.00004,0.00128,0.04929
Music Comprehension/Production,0.00042,0.27770,0.29239,0.00001,0.00135,0.08397,0.00802,0.01513,0.17610,0.00002,0.00119,0.00084,0.08853,0.05431
Naming (Covert),0.00009,0.00115,0.01196,0.50993,0.00067,0.44572,0.01076,0.00086,0.00002,0.00014,0.00028,0.00031,0.00806,0.01005
Naming (Overt),0.00002,0.08572,0.09242,0.35187,0.05035,0.09349,0.00338,0.04800,0.00047,0.00001,0.16607,0.02802,0.08017,0.00001
Non-Painful Electrical Stimulation,0.16217,0.00003,0.00009,0.00002,0.00002,0.00003,0.00006,0.82257,0.00004,0.01470,0.00004,0.00003,0.00017,0.00004
Non-Painful Thermal Stimulation,0.11176,0.00005,0.03026,0.00004,0.08100,0.00004,0.00047,0.11143,0.18230,0.20288,0.02655,0.00005,0.00004,0.25311
Oddball Discrimination,0.09943,0.00001,0.39924,0.06119,0.00152,0.00003,0.13920,0.02102,0.14978,0.03268,0.03184,0.05189,0.00561,0.00655
Olfactory Monitor/Discrimination,0.00002,0.04302,0.00004,0.00050,0.00236,0.00002,0.00021,0.00019,0.11562,0.00084,0.01432,0.00002,0.53662,0.28623
Orthographic Discrimination,0.09836,0.00195,0.07113,0.24957,0.00917,0.11874,0.03290,0.02795,0.03590,0.23556,0.03805,0.01804,0.00001,0.06266
Pain Monitor/Discrimination,0.03049,0.00210,0.00691,0.00000,0.00000,0.00902,0.01163,0.37999,0.47430,0.01880,0.00662,0.00115,0.02049,0.03849
Paired Associate Recall,0.00724,0.02710,0.05488,0.01635,0.01674,0.20704,0.03530,0.00001,0.01058,0.13981,0.20350,0.02507,0.09173,0.16464
Passive Listening,0.02527,0.03671,0.64935,0.00001,0.00002,0.03769,0.01399,0.00633,0.00538,0.00435,0.12246,0.03859,0.05664,0.00321
Passive Viewing,0.00472,0.01221,0.01022,0.20598,0.05546,0.00411,0.01954,0.03477,0.05787,0.02040,0.08985,0.09665,0.31866,0.06956
Phonological Discrimination,0.01711,0.04602,0.28239,0.11706,0.00001,0.32162,0.00006,0.00144,0.04061,0.15527,0.00441,0.00166,0.00044,0.01191
Pitch Monitor/Discrimination,0.00001,0.00007,0.64647,0.01579,0.03305,0.04369,0.00001,0.01681,0.00006,0.04387,0.00565,0.05752,0.03016,0.10685
Pointing,0.38747,0.00005,0.00002,0.00372,0.02792,0.00078,0.38289,0.00402,0.03356,0.08523,0.07425,0.00007,0.00002,0.00002
Posner Task,0.14441,0.00014,0.05160,0.09422,0.21470,0.03371,0.03996,0.00007,0.33698,0.00010,0.00151,0.05295,0.00019,0.02947
Reading (Covert),0.00674,0.07179,0.06056,0.23487,0.08738,0.31602,0.02957,0.00012,0.00160,0.01463,0.00185,0.16039,0.00022,0.01427
Reading (Overt),0.00001,0.46768,0.19259,0.09551,0.06929,0.01775,0.01191,0.00877,0.00415,0.00001,0.07788,0.00148,0.02238,0.03058
Recitation/Repetition (Covert),0.00115,0.21551,0.23477,0.05307,0.01174,0.20763,0.00154,0.00115,0.12747,0.12168,0.00004,0.02419,0.00003,0.00002
Recitation/Repetition (Overt),0.00001,0.73504,0.10041,0.00001,0.00001,0.01305,0.00001,0.15142,0.00002,0.00001,0.00000,0.00001,0.00001,0.00001
Rest,0.02386,0.03898,0.02068,0.00337,0.00151,0.00791,0.00013,0.09034,0.07205,0.03926,0.48619,0.02623,0.09245,0.09705
Reward Task,0.03935,0.00388,0.01728,0.03365,0.01815,0.02014,0.03518,0.02803,0.06642,0.05532,0.05089,0.02883,0.02998,0.57291
Saccades,0.02817,0.01586,0.00000,0.00004,0.50711,0.00416,0.37665,0.00027,0.03015,0.01237,0.00002,0.00002,0.00001,0.02517
Semantic Monitor/Discrimination,0.02687,0.00807,0.06960,0.10741,0.01222,0.41836,0.00456,0.00701,0.00186,0.02758,0.03326,0.18709,0.04770,0.04842
Sequence Recall/Learning,0.23424,0.01941,0.06632,0.04910,0.00390,0.02245,0.24469,0.07261,0.00367,0.07838,0.01320,0.05306,0.05297,0.08601
Simon Task,0.06970,0.00004,0.06148,0.11284,0.08476,0.00858,0.08559,0.09994,0.23254,0.02727,0.10611,0.10094,0.00949,0.00074
Sleep,0.24791,0.00070,0.00086,0.00034,0.00043,0.00044,0.10627,0.00041,0.29669,0.00546,0.00047,0.00347,0.13457,0.20199
Spatial/Location Discrimination,0.01356,0.00043,0.00128,0.23846,0.05926,0.00001,0.13130,0.01698,0.06077,0.19370,0.02274,0.13837,0.05548,0.06767
Sternberg Task,0.05462,0.07647,0.00158,0.02293,0.01213,0.20930,0.01464,0.00012,0.08034,0.43184,0.00013,0.00192,0.04763,0.04634
Stroop Task,0.00097,0.01108,0.01529,0.03933,0.07917,0.12055,0.01479,0.00008,0.20346,0.24422,0.08619,0.09977,0.03503,0.05005
Subjective Emotional Picture Discrimination,0.01429,0.00555,0.00006,0.08185,0.00558,0.04364,0.04434,0.00001,0.05143,0.00423,0.00190,0.49579,0.14291,0.10842
Syntactic Discrimination,0.00003,0.01616,0.32610,0.00003,0.00005,0.21443,0.00002,0.01041,0.06228,0.15400,0.00536,0.01152,0.14511,0.05451
Tactile Monitor/Discrimination,0.14002,0.04520,0.01861,0.03783,0.01533,0.00516,0.05702,0.39587,0.06389,0.11381,0.01524,0.07518,0.00652,0.01034
Task Switching,0.07899,0.00879,0.00142,0.09233,0.04601,0.13512,0.09594,0.01158,0.07087,0.39789,0.01213,0.02324,0.00089,0.02480
Theory of Mind Task,0.00001,0.00002,0.11070,0.00002,0.00016,0.00019,0.02034,0.00002,0.00002,0.00544,0.02723,0.81239,0.02343,0.00005
Tone Monitor/Discrimination,0.00387,0.05203,0.26258,0.00001,0.06720,0.04589,0.10520,0.04558,0.13531,0.21311,0.00069,0.00397,0.02367,0.04091
Tower of London,0.00003,0.00003,0.00002,0.00001,0.00002,0.00005,0.17883,0.00003,0.08951,0.40971,0.08042,0.00020,0.00124,0.23989
Transcranial Magnetic Stimulation,0.27974,0.02062,0.03352,0.00006,0.00678,0.00022,0.02529,0.28404,0.09841,0.01073,0.04803,0.04591,0.12894,0.01771
Vibrotactile Monitor/Discrimination,0.99935,0.00040,0.00002,0.00001,0.00001,0.00002,0.00002,0.00002,0.00003,0.00002,0.00002,0.00002,0.00002,0.00004
Video Games,0.00014,0.00010,0.05342,0.00020,0.00583,0.00010,0.00029,0.00058,0.00038,0.10821,0.45487,0.00077,0.37497,0.00014
Visual Distractor/Visual Attention,0.07066,0.00837,0.02314,0.19919,0.20857,0.01483,0.19380,0.00660,0.09889,0.08774,0.05823,0.00880,0.01778,0.00341
Visual Pursuit/Tracking,0.03926,0.00001,0.00001,0.14902,0.74851,0.00001,0.05771,0.00124,0.00059,0.00301,0.00059,0.00001,0.00001,0.00001
Whistling,0.03980,0.56404,0.00002,0.02654,0.00003,0.00003,0.00004,0.34581,0.00003,0.00002,0.00021,0.00005,0.01174,0.01163
Wisconsin Card Sorting Test,0.01474,0.00001,0.00148,0.11639,0.15598,0.00724,0.00142,0.01825,0.00116,0.55967,0.08110,0.00706,0.00171,0.03378
Word Generation (Covert),0.01351,0.00234,0.04220,0.03392,0.03977,0.57782,0.01784,0.01816,0.05479,0.07491,0.09093,0.02334,0.00266,0.00781
Word Generation (Overt),0.00802,0.06629,0.08877,0.00001,0.00319,0.49290,0.00018,0.00122,0.13432,0.01183,0.03555,0.06527,0.04932,0.04313
Word Stem Completion (Covert),0.00006,0.28277,0.00008,0.05589,0.00006,0.55197,0.00009,0.00006,0.08213,0.02544,0.00011,0.00122,0.00006,0.00006
Word Stem Completion (Overt),0.00003,0.08584,0.04404,0.00574,0.00016,0.40883,0.01060,0.00011,0.07144,0.24899,0.08723,0.00042,0.00005,0.03654
Writing,0.59715,0.00020,0.03986,0.05134,0.00003,0.00091,0.25836,0.05199,0.00002,0.00004,0.00002,0.00003,0.00002,0.00003
n-back,0.03823,0.02695,0.02263,0.08990,0.00151,0.08000,0.08437,0.01002,0.08934,0.41825,0.04890,0.06358,0.01122,0.01511
