ERROR: talairach_afd: Talairach Transform: bad_tal.xfm ***FAILED*** (p=0.0235, pval=0.0000 < threshold=0.0100)

fsafdDir = ../distribution/fsafd

mu:
 1.1393   0.0143  -0.0561   0.0139   1.1022   0.1953  -0.0071  -0.1772   1.2182  

sigma:
 0.1724   0.0009  -0.0005   0.0015   0.0044   0.0030  -0.0003  -0.0021   0.0070  
 0.0009   0.1564  -0.0007  -0.0056   0.0000  -0.0006   0.0012   0.0010  -0.0003  
-0.0005  -0.0007   0.1545  -0.0002  -0.0009   0.0007  -0.0039  -0.0010  -0.0010  
 0.0015  -0.0056  -0.0002   0.1564   0.0008   0.0024  -0.0008  -0.0028   0.0011  
 0.0044   0.0000  -0.0009   0.0008   0.1570  -0.0018  -0.0001   0.0025   0.0059  
 0.0030  -0.0006   0.0007   0.0024  -0.0018   0.1853  -0.0017  -0.0376  -0.0022  
-0.0003   0.0012  -0.0039  -0.0008  -0.0001  -0.0017   0.1555   0.0018   0.0004  
-0.0021   0.0010  -0.0010  -0.0028   0.0025  -0.0376   0.0018   0.1919   0.0033  
 0.0070  -0.0003  -0.0010   0.0011   0.0059  -0.0022   0.0004   0.0033   0.1609  

xfm:
 0.4538  -0.0297   0.0009   0.0348   0.5308  -0.0025  -0.0010   0.0028   0.5821  

proba = 0.0235

