g = 1:500;

a = 3.270 ;
b = 36.61 ;
c = 6.0e-5;
d = 177 ;

r = 
