BG = [173 167.5 167.5 178.5 164 217.5 222.5 243 265.5 241.5 237.5 238.5 231.5 233.5 215.5 200.5 189 184.5 179.5 174.5 162.5 159 153.5 147.5 140 135];

