# transform file /autofs/space/erdos_003/users/lzollei/my_stuff/research/tests/CVSvsMNI/cvs_avg35_inMNI152/mri/transforms/cc_up.lta
# created by lzollei on Sat Mar 31 00:06:38 2012

type      = 0
nxforms   = 1
mean      = 126.0000 143.0000 127.0000
sigma     = 10000.0000
1 4 4
9.999534487724304e-01 4.012777935713530e-03 -8.774757385253906e-03 2.256416082382202e+00 
-4.012623336166143e-03 9.999919533729553e-01 3.521143662510440e-05 5.035533308982849e-01 
8.774828165769577e-03 0.000000000000000e+00 9.999614953994751e-01 1.689684295654297e+01 
0.000000000000000e+00 0.000000000000000e+00 0.000000000000000e+00 1.000000000000000e+00 
src volume info
valid = 1  # volume info valid
filename = /autofs/space/erdos_003/users/lzollei/my_stuff/research/tests/CVSvsMNI/cvs_avg35_inMNI152/mri/norm.mgz
volume = 256 256 256
voxelsize = 1.000000000000000e+00 1.000000000000000e+00 1.000000000000000e+00
xras   = -1.000000000000000e+00 0.000000000000000e+00 0.000000000000000e+00
yras   = 0.000000000000000e+00 0.000000000000000e+00 -1.000000000000000e+00
zras   = 0.000000000000000e+00 1.000000000000000e+00 0.000000000000000e+00
cras   = -1.000000000000000e+00 -1.700000000000000e+01 1.900000000000000e+01
dst volume info
valid = 1  # volume info valid
filename = /autofs/space/erdos_003/users/lzollei/my_stuff/research/tests/CVSvsMNI/cvs_avg35_inMNI152/mri/norm.mgz
volume = 256 256 256
voxelsize = 1.000000000000000e+00 1.000000000000000e+00 1.000000000000000e+00
xras   = -1.000000000000000e+00 0.000000000000000e+00 0.000000000000000e+00
yras   = 0.000000000000000e+00 0.000000000000000e+00 -1.000000000000000e+00
zras   = 0.000000000000000e+00 1.000000000000000e+00 0.000000000000000e+00
cras   = -1.000000000000000e+00 -1.700000000000000e+01 1.900000000000000e+01
