# transform file transforms/talairach_with_skull.lta
# created by lzollei on Fri Mar 30 19:02:27 2012

type      = 0
nxforms   = 1
mean      = 126.0000 143.0000 128.0000
sigma     = 10000.0000
1 4 4
1.119972705841064e+00 -3.135818988084793e-04 3.461353480815887e-05 -1.632141113281250e+01 
3.001734148710966e-04 1.170159935951233e+00 1.785525865852833e-02 -4.370948028564453e+01 
4.564948176266626e-05 -1.928067393600941e-02 1.098978161811829e+00 -2.987095260620117e+01 
0.000000000000000e+00 0.000000000000000e+00 0.000000000000000e+00 1.000000000000000e+00 
src volume info
valid = 1  # volume info valid
filename = nu.mgz
volume = 256 256 256
voxelsize = 1.000000000000000e+00 1.000000000000000e+00 1.000000000000000e+00
xras   = -1.000000000000000e+00 0.000000000000000e+00 0.000000000000000e+00
yras   = 0.000000000000000e+00 0.000000000000000e+00 -1.000000000000000e+00
zras   = 0.000000000000000e+00 1.000000000000000e+00 0.000000000000000e+00
cras   = -1.000000000000000e+00 -1.700000000000000e+01 1.900000000000000e+01
dst volume info
valid = 1  # volume info valid
filename = /usr/local/freesurfer/dev/average/RB_all_withskull_2008-03-26.gca
volume = 256 256 256
voxelsize = 1.000000000000000e+00 1.000000000000000e+00 1.000000000000000e+00
xras   = -1.000000000000000e+00 0.000000000000000e+00 0.000000000000000e+00
yras   = 0.000000000000000e+00 0.000000000000000e+00 -1.000000000000000e+00
zras   = 0.000000000000000e+00 1.000000000000000e+00 0.000000000000000e+00
cras   = 0.000000000000000e+00 0.000000000000000e+00 0.000000000000000e+00
