# transform file transforms/talairach.lta
# created by lzollei on Fri Mar 30 19:19:27 2012

type      = 0
nxforms   = 1
mean      = 126.0000 143.0000 128.0000
sigma     = 10000.0000
1 4 4
9.963536858558655e-01 -1.659627258777618e-02 2.667658554855734e-04 1.590214729309082e+00 
1.643798872828484e-02 1.022654175758362e+00 -8.255777880549431e-03 -2.352270126342773e+01 
-1.338566944468766e-04 8.251948282122612e-03 9.952837824821472e-01 -1.938528823852539e+01 
0.000000000000000e+00 0.000000000000000e+00 0.000000000000000e+00 1.000000000000000e+00 
src volume info
valid = 1  # volume info valid
filename = nu.mgz
volume = 256 256 256
voxelsize = 1.000000000000000e+00 1.000000000000000e+00 1.000000000000000e+00
xras   = -1.000000000000000e+00 0.000000000000000e+00 0.000000000000000e+00
yras   = 0.000000000000000e+00 0.000000000000000e+00 -1.000000000000000e+00
zras   = 0.000000000000000e+00 1.000000000000000e+00 0.000000000000000e+00
cras   = -1.000000000000000e+00 -1.700000000000000e+01 1.900000000000000e+01
dst volume info
valid = 1  # volume info valid
filename = /usr/local/freesurfer/dev/average/RB_all_2008-03-26.gca
volume = 256 256 256
voxelsize = 1.000000000000000e+00 1.000000000000000e+00 1.000000000000000e+00
xras   = -1.000000000000000e+00 0.000000000000000e+00 0.000000000000000e+00
yras   = 0.000000000000000e+00 0.000000000000000e+00 -1.000000000000000e+00
zras   = 0.000000000000000e+00 1.000000000000000e+00 0.000000000000000e+00
cras   = 0.000000000000000e+00 0.000000000000000e+00 0.000000000000000e+00
