# transform file transforms/talairach_with_skull_2.lta
# created by lzollei on Fri Mar 30 23:45:28 2012

type      = 0
nxforms   = 1
mean      = 126.0000 143.0000 128.0000
sigma     = 10000.0000
1 4 4
1.138176798820496e+00 2.097701840102673e-02 1.246880739927292e-03 -2.180902481079102e+01 
-1.666407287120819e-02 1.152300000190735e+00 2.717350050806999e-02 -4.007421493530273e+01 
-7.445796509273350e-04 -2.803450450301170e-02 1.098138213157654e+00 -2.890068244934082e+01 
0.000000000000000e+00 0.000000000000000e+00 0.000000000000000e+00 1.000000000000000e+00 
src volume info
valid = 1  # volume info valid
filename = nu_noneck.mgz
volume = 256 256 256
voxelsize = 1.000000000000000e+00 1.000000000000000e+00 1.000000000000000e+00
xras   = -1.000000000000000e+00 0.000000000000000e+00 0.000000000000000e+00
yras   = 0.000000000000000e+00 0.000000000000000e+00 -1.000000000000000e+00
zras   = 0.000000000000000e+00 1.000000000000000e+00 0.000000000000000e+00
cras   = -1.000000000000000e+00 -1.700000000000000e+01 1.900000000000000e+01
dst volume info
valid = 1  # volume info valid
filename = /usr/local/freesurfer/dev/average/RB_all_withskull_2008-03-26.gca
volume = 256 256 256
voxelsize = 1.000000000000000e+00 1.000000000000000e+00 1.000000000000000e+00
xras   = -1.000000000000000e+00 0.000000000000000e+00 0.000000000000000e+00
yras   = 0.000000000000000e+00 0.000000000000000e+00 -1.000000000000000e+00
zras   = 0.000000000000000e+00 1.000000000000000e+00 0.000000000000000e+00
cras   = 0.000000000000000e+00 0.000000000000000e+00 0.000000000000000e+00
fscale 0.150000
