type      = 1
nxforms   = 1
mean      = 0.0000 0.0000 0.0000
sigma     = 1.0000
1 4 4
9.993192553520203e-01 5.906362785026431e-04 -7.660741684958339e-04 1.181693077087402e+00 
1.291288412176073e-03 9.956517815589905e-01 -5.619224160909653e-03 -1.132090687751770e+00 
-1.260990393348038e-03 1.223260629922152e-02 1.040544629096985e+00 -1.477892160415649e+00 
0.000000000000000e+00 0.000000000000000e+00 0.000000000000000e+00 1.000000000000000e+00 
src volume info
valid = 1  # volume info valid
filename = /usr/pubsw/packages/fsl/current/data/standard/MNI152_T1_2mm_brain.nii.gz
volume = 91 109 91
voxelsize = 2.000000000000000e+00 2.000000000000000e+00 2.000000000000000e+00
xras   = -1.000000000000000e+00 0.000000000000000e+00 0.000000000000000e+00
yras   = 0.000000000000000e+00 1.000000000000000e+00 0.000000000000000e+00
zras   = 0.000000000000000e+00 0.000000000000000e+00 1.000000000000000e+00
cras   = -1.000000000000000e+00 -1.700000000000000e+01 1.900000000000000e+01
dst volume info
valid = 1  # volume info valid
filename = /homes/4/greve/subjects/RB_all_2008-03-26/mri/brainmask.mgz
volume = 256 256 256
voxelsize = 1.000000000000000e+00 1.000000000000000e+00 1.000000000000000e+00
xras   = -1.000000000000000e+00 0.000000000000000e+00 0.000000000000000e+00
yras   = 0.000000000000000e+00 0.000000000000000e+00 -1.000000000000000e+00
zras   = 0.000000000000000e+00 1.000000000000000e+00 0.000000000000000e+00
cras   = 0.000000000000000e+00 0.000000000000000e+00 0.000000000000000e+00
subject RB_all_2008-03-26
fscale 0.150000
