type      = 0
nxforms   = 1
mean      = 131.0000 155.0000 146.0000
sigma     = 10000.0000
1 4 4
9.996907711029053e-01 2.293158136308193e-02 9.607886895537376e-03 -3.906494140625000e+00 
-2.306040003895760e-02 9.996415376663208e-01 1.358162891119719e-02 6.891784667968750e-01 
-9.293105453252792e-03 -1.379936374723911e-02 9.998612999916077e-01 4.271774291992188e+00 
0.000000000000000e+00 0.000000000000000e+00 0.000000000000000e+00 1.000000000000000e+00 
src volume info
valid = 1  # volume info valid
filename = /autofs/space/minerva_002/users/nicks/subjects/nick14/mri/T1.mgz
volume = 256 256 256
voxelsize = 1.000000000000000e+00 1.000000000000000e+00 1.000000000000000e+00
xras   = -1.000000000000000e+00 -0.000000000000000e+00 0.000000000000000e+00
yras   = 0.000000000000000e+00 0.000000000000000e+00 -1.000000000000000e+00
zras   = -0.000000000000000e+00 1.000000000000000e+00 -0.000000000000000e+00
cras   = 2.555799961090088e+00 1.181540012359619e+01 -4.574299812316895e+00
dst volume info
valid = 1  # volume info valid
filename = /autofs/space/minerva_002/users/nicks/subjects/nick13/mri/T1.mgz
volume = 256 256 256
voxelsize = 1.000000000000000e+00 1.000000000000000e+00 1.000000000000000e+00
xras   = -1.000000000000000e+00 0.000000000000000e+00 -0.000000000000000e+00
yras   = 0.000000000000000e+00 -0.000000000000000e+00 -1.000000000000000e+00
zras   = -0.000000000000000e+00 1.000000000000000e+00 0.000000000000000e+00
cras   = 2.216999977827072e-01 -1.283310031890869e+01 9.704999923706055e+00
fscale 0.150000
