type      = 0
nxforms   = 1
mean      = 0.0000 0.0000 0.0000
sigma     = 1.0000
1 4 4
-2.717540191952139e-04 4.347831383347511e-02 1.328802466392517e+00 3.833817291259766e+01 
-3.161770403385162e-01 9.478031396865845e-01 -5.500040203332901e-02 5.319224548339844e+01 
-9.487230181694031e-01 -3.159458041191101e-01 1.790451630949974e-02 2.962504882812500e+02 
0.000000000000000e+00 0.000000000000000e+00 0.000000000000000e+00 1.000000000000000e+00 
src volume info
valid = 1  # volume info valid
filename = /autofs/space/monster_001/users/mreuter/data/PFIZER/all-mprage_siemens-fs-dev/1009_1/mri/orig/002.mgz
volume = 256 256 128
voxelsize = 1.000000000000000e+00 1.000000000000000e+00 1.330000042915344e+00
xras   = -9.600000455975533e-03 -9.484999775886536e-01 3.167000114917755e-01
yras   = -4.239999875426292e-02 -3.161000013351440e-01 -9.477999806404114e-01
zras   = -9.991000294685364e-01 2.250000089406967e-02 3.720000013709068e-02
cras   = -2.238100051879883e+00 2.701189994812012e+01 1.074599981307983e+00
dst volume info
valid = 1  # volume info valid
filename = /autofs/space/monster_001/users/mreuter/data/PFIZER/all-mprage_siemens-fs-dev/1009/mri/norm_template.mgz
volume = 256 256 256
voxelsize = 1.000000000000000e+00 1.000000000000000e+00 1.000000000000000e+00
xras   = -1.000000000000000e+00 0.000000000000000e+00 0.000000000000000e+00
yras   = 0.000000000000000e+00 0.000000000000000e+00 -1.000000000000000e+00
zras   = 0.000000000000000e+00 1.000000000000000e+00 -0.000000000000000e+00
cras   = 8.080999851226807e-01 2.318320083618164e+01 2.279700040817261e+00
